0.0213439464569 0.020204782486 1.41421356237 [[ 0.00115258]] [[ 0.0059679]] [[-1.04131154]] 0.0 0.0 -1.0 -0.00759866349552 -0.00803590148298 -0.346002221422 0.0201790332794
 
0.0213439464569 0.0452868938446 1.41421356237 [[ 0.00115258]] [[ 0.0059679]] [[-1.04131154]] 0.0 0.0 -1.0 -0.00759866349552 -0.00803590148298 -0.346002221422 0.0452361106873
 
0.0213439464569 0.0707159042358 1.41421356237 [[ 0.00115258]] [[ 0.0059679]] [[-1.04131154]] 2.96377825737 42.1578483582 -1.0 -0.00759866349552 -0.00803590148298 -0.346002221422 0.0706741809845
 
0.0213439464569 0.0977549552917 1.41421356237 [[ 0.00115258]] [[ 0.0059679]] [[-1.04131154]] 2.96377825737 42.1578483582 -1.0 -0.00759866349552 -0.00803590148298 -0.346002221422 0.0977051258087
 
0.0213439464569 0.123618841171 1.41421356237 [[ 0.00667763]] [[-0.0257458]] [[-1.03677525]] 2.96377825737 42.1578483582 -1.0 -0.00704782815478 -0.0113540774587 -0.345590173513 0.123600959778
 
0.0213439464569 0.146001815796 1.41421356237 [[ 0.00667763]] [[-0.0257458]] [[-1.03677525]] 2.96377825737 42.1578483582 -1.0 -0.00704782815478 -0.0113540774587 -0.345590173513 0.14595913887
 
0.0213439464569 0.171070814133 1.41421356237 [[ 0.00667763]] [[-0.0257458]] [[-1.03677525]] 2.96377825737 42.1578483582 -1.0 -0.00704782815478 -0.0113540774587 -0.345590173513 0.171025037766
 
0.0213439464569 0.196791887283 1.41421356237 [[ 0.00667763]] [[-0.0257458]] [[-1.03677525]] 2.96377825737 42.1578483582 -1.0 -0.00704782815478 -0.0113540774587 -0.345590173513 0.196738958359
 
0.0213439464569 0.222601890564 1.41421356237 [[ 0.00980378]] [[-0.00361711]] [[-0.93973266]] 2.95926117897 42.1595954895 -1.0 -0.00643335535946 -0.0168737041107 -0.345583558421 0.222558021545
 
0.0213439464569 0.246231794357 1.41421356237 [[ 0.00980378]] [[-0.00361711]] [[-0.93973266]] 2.95926117897 42.1595954895 -1.0 -0.00643335535946 -0.0168737041107 -0.345583558421 0.24621295929
 
0.0213439464569 0.268741846085 1.41421356237 [[ 0.00980378]] [[-0.00361711]] [[-0.93973266]] 2.95926117897 42.1595954895 -1.0 -0.00643335535946 -0.0168737041107 -0.345583558421 0.268684148788
 
0.0213439464569 0.294971942902 1.41421356237 [[ 0.00980378]] [[-0.00361711]] [[-0.93973266]] 2.95926117897 42.1595954895 -1.0 -0.00643335535946 -0.0168737041107 -0.345583558421 0.294921159744
 
0.0213439464569 0.318228960037 1.41421356237 [[-0.00178773]] [[ 0.00480439]] [[-1.01911735]] 2.95926117897 42.1595954895 -1.0 -0.00359396700687 -0.0172034368089 -0.345740408762 0.318153142929
 
0.0213439464569 0.3434009552 1.41421356237 [[-0.00178773]] [[ 0.00480439]] [[-1.01911735]] 2.95926117897 42.1595954895 -1.0 -0.00359396700687 -0.0172034368089 -0.345740408762 0.343336105347
 
0.0213439464569 0.369068861008 1.41421356237 [[-0.00178773]] [[ 0.00480439]] [[-1.01911735]] 2.95926117897 42.1595954895 -1.0 -0.00359396700687 -0.0172034368089 -0.345740408762 0.369009017944
 
0.0213439464569 0.395446777344 1.41421356237 [[-0.00178773]] [[ 0.00480439]] [[-1.01911735]] 2.95926117897 42.1595954895 -1.0 -0.00359396700687 -0.0172034368089 -0.345740408762 0.395395040512
 
0.0213439464569 0.420158863068 1.41421356237 [[ 0.00944264]] [[-0.01548753]] [[-1.01103963]] 2.95820808411 42.1598777771 -1.1 -0.00442409329038 -0.0278155476045 -0.345507471431 0.420119047165
 
0.0213439464569 0.44552898407 1.41421356237 [[ 0.00944264]] [[-0.01548753]] [[-1.01103963]] 2.95820808411 42.1598777771 -1.1 -0.00442409329038 -0.0278155476045 -0.345507471431 0.44547700882
 
0.0213439464569 0.469874858856 1.41421356237 [[ 0.00944264]] [[-0.01548753]] [[-1.01103963]] 2.95820808411 42.1598777771 -1.1 -0.00442409329038 -0.0278155476045 -0.345507471431 0.469804048538
 
0.0213439464569 0.49626994133 1.41421356237 [[ 0.00944264]] [[-0.01548753]] [[-1.01103963]] 2.95820808411 42.1598777771 -1.1 -0.00442409329038 -0.0278155476045 -0.345507471431 0.496189117432
 
0.0213439464569 0.521550893784 1.41421356237 [[ 0.00944264]] [[-0.01548753]] [[-1.01103963]] 2.95820808411 42.1598777771 -1.1 -0.00442409329038 -0.0278155476045 -0.345507471431 0.521492958069
 
0.0213439464569 0.547816991806 1.41421356237 [[ 0.00944264]] [[-0.01548753]] [[-1.01103963]] 2.95820808411 42.1598777771 -1.1 -0.00442409329038 -0.0278155476045 -0.345507471431 0.547755002975
 
0.0213439464569 0.574368000031 1.41421356237 [[ 0.00944264]] [[-0.01548753]] [[-1.01103963]] 2.95820808411 42.1598777771 -1.1 -0.00442409329038 -0.0278155476045 -0.345507471431 0.574284076691
 
0.0213439464569 0.600059986115 1.41421356237 [[ 0.01299465]] [[-0.03266405]] [[-1.01142253]] 2.95820808411 42.1598777771 -1.1 -0.00127403424359 -0.0451419197229 -0.345661900573 0.600030183792
 
0.0213439464569 0.625410795212 1.41421356237 [[ 0.01299465]] [[-0.03266405]] [[-1.01142253]] 2.95820808411 42.1598777771 -1.1 -0.00127403424359 -0.0451419197229 -0.345661900573 0.625350952148
 
0.0213439464569 0.650748968124 1.41421356237 [[ 0.04030987]] [[-0.01422552]] [[-1.01845267]] 2.9627866745 42.1555900574 -1.1 -0.000455510972597 -0.0704969729126 -0.34568699529 0.65071105957
 
0.0213439464569 0.674464941025 1.41421356237 [[ 0.04030987]] [[-0.01422552]] [[-1.01845267]] 2.9627866745 42.1555900574 -1.1 -0.000455510972597 -0.0704969729126 -0.34568699529 0.674429178238
 
0.0213439464569 0.699299812317 1.41421356237 [[ 0.10689604]] [[-0.02680755]] [[-1.00498816]] 2.9627866745 42.1555900574 -1.1 -0.000287305377711 -0.0890231611519 -0.346096436051 0.699265956879
 
0.0213439464569 0.723643779755 1.41421356237 [[ 0.10689604]] [[-0.02680755]] [[-1.00498816]] 2.9627866745 42.1555900574 -1.1 -0.000287305377711 -0.0890231611519 -0.346096436051 0.723608016968
 
0.0213439464569 0.747979879379 1.41421356237 [[ 0.10689604]] [[-0.02680755]] [[-1.00498816]] 2.9627866745 42.1555900574 -1.1 -0.000287305377711 -0.0890231611519 -0.346096436051 0.747938156128
 
0.0213439464569 0.772498846054 1.41421356237 [[ 0.10689604]] [[-0.02680755]] [[-1.00498816]] 2.9627866745 42.1555900574 -1.1 -0.000287305377711 -0.0890231611519 -0.346096436051 0.772462129593
 
0.0213439464569 0.797292947769 1.41421356237 [[ 0.06113334]] [[-0.01531036]] [[-0.99557352]] 2.99598646164 42.143371582 -1.1 -0.000661001539234 -0.100484247805 -0.346510053326 0.797257184982
 
0.0213439464569 0.82190489769 1.41421356237 [[ 0.06113334]] [[-0.01531036]] [[-0.99557352]] 2.99598646164 42.143371582 -1.1 -0.000661001539234 -0.100484247805 -0.346510053326 0.821861982346
 
0.0213439464569 0.84693479538 1.41421356237 [[ 0.06113334]] [[-0.01531036]] [[-0.99557352]] 2.99598646164 42.143371582 -1.1 -0.000661001539234 -0.100484247805 -0.346510053326 0.846868991852
 
0.0213439464569 0.872481822968 1.41421356237 [[ 0.06113334]] [[-0.01531036]] [[-0.99557352]] 2.99598646164 42.143371582 -1.1 -0.000661001539234 -0.100484247805 -0.346510053326 0.87242603302
 
0.0213439464569 0.897738933563 1.41421356237 [[ 0.07613823]] [[-0.02125709]] [[-1.01748373]] 2.99598646164 42.143371582 -1.1 -0.000661001539234 -0.100484247805 -0.346510053326 0.897710084915
 
0.0213439464569 0.923846960068 1.41421356237 [[ 0.08877962]] [[-0.02673879]] [[-1.0163293]] 2.99598646164 42.143371582 -1.1 -0.00152937109885 -0.114007858791 -0.346258202752 0.923805952072
 
0.0213439464569 0.948268890381 1.41421356237 [[ 0.08877962]] [[-0.02673879]] [[-1.0163293]] 2.99598646164 42.143371582 -1.1 -0.00152937109885 -0.114007858791 -0.346258202752 0.948238134384
 
0.0213439464569 0.973326921463 1.41421356237 [[ 0.08877962]] [[-0.02673879]] [[-1.0163293]] 2.99598646164 42.143371582 -1.1 -0.00152937109885 -0.114007858791 -0.346258202752 0.973257064819
 
0.0213439464569 0.998196840286 1.41421356237 [[ 0.05385361]] [[-0.01206142]] [[-1.01778551]] 2.99598646164 42.143371582 -1.1 -0.00152937109885 -0.114007858791 -0.346258202752 0.998133182526
 
0.0213439464569 1.02359294891 1.41421356237 [[ 0.05813991]] [[-0.01575174]] [[-1.01749922]] 3.04676270485 42.1249084473 -1.0 -0.00350626423309 -0.119198802704 -0.346346215272 1.02352118492
 
0.0213439464569 1.04923176765 1.41421356237 [[ 0.05813991]] [[-0.01575174]] [[-1.01749922]] 3.04676270485 42.1249084473 -1.0 -0.00350626423309 -0.119198802704 -0.346346215272 1.04918909073
 
0.0213439464569 1.07466983795 1.41421356237 [[ 0.05813991]] [[-0.01575174]] [[-1.01749922]] 3.04676270485 42.1249084473 -1.0 -0.00350626423309 -0.119198802704 -0.346346215272 1.07459902763
 
0.0213439464569 1.10134983063 1.41421356237 [[ 0.05813991]] [[-0.01575174]] [[-1.01749922]] 3.04676270485 42.1249084473 -1.0 -0.00350626423309 -0.119198802704 -0.346346215272 1.10128116608
 
0.0213439464569 1.12801885605 1.41421356237 [[ 0.07524607]] [[-0.03936862]] [[-1.01669624]] 3.04676270485 42.1249084473 -1.0 -0.00415796091923 -0.11043280863 -0.346671612089 1.1279900074
 
0.0213439464569 1.15144491196 1.41421356237 [[ 0.07524607]] [[-0.03936862]] [[-1.01669624]] 3.04676270485 42.1249084473 -1.0 -0.00415796091923 -0.11043280863 -0.346671612089 1.15137314796
 
0.0213439464569 1.17871594429 1.41421356237 [[ 0.07524607]] [[-0.03936862]] [[-1.01669624]] 3.04676270485 42.1249084473 -1.0 -0.00415796091923 -0.11043280863 -0.346671612089 1.17865514755
 
0.0213439464569 1.20498681068 1.41421356237 [[ 0.04649621]] [[-0.01620404]] [[-1.03020941]] 3.12016677856 42.0980606079 -1.0 -0.00757424005632 -0.101064390291 -0.347181322567 1.20493102074
 
0.0213439464569 1.23131489754 1.41421356237 [[ 0.04649621]] [[-0.01620404]] [[-1.03020941]] 3.12016677856 42.0980606079 -1.0 -0.00757424005632 -0.101064390291 -0.347181322567 1.23126602173
 
0.0213439464569 1.25628495216 1.41421356237 [[ 0.04649621]] [[-0.01620404]] [[-1.03020941]] 3.12016677856 42.0980606079 -1.0 -0.00757424005632 -0.101064390291 -0.347181322567 1.25621795654
 
0.0213439464569 1.28192186356 1.41421356237 [[ 0.04649621]] [[-0.01620404]] [[-1.03020941]] 3.12016677856 42.0980606079 -1.0 -0.00757424005632 -0.101064390291 -0.347181322567 1.28184103966
 
0.0213439464569 1.3078789711 1.41421356237 [[ 0.04649621]] [[-0.01620404]] [[-1.03020941]] 3.12016677856 42.0980606079 -1.0 -0.00757424005632 -0.101064390291 -0.347181322567 1.30779314041
 
0.0213439464569 1.3344848156 1.41421356237 [[ 0.02118156]] [[-0.00147496]] [[-0.99884834]] 3.12016677856 42.0980606079 -1.0 -0.0104233278285 -0.0852741290714 -0.347191756392 1.33440709114
 
0.0213439464569 1.35997200012 1.41421356237 [[ 0.02118156]] [[-0.00147496]] [[-0.99884834]] 3.12016677856 42.0980606079 -1.0 -0.0104233278285 -0.0852741290714 -0.347191756392 1.35991501808
 
0.0213439464569 1.38529276848 1.41421356237 [[ 0.02118156]] [[-0.00147496]] [[-0.99884834]] 3.12016677856 42.0980606079 -1.0 -0.0104233278285 -0.0852741290714 -0.347191756392 1.38523197174
 
0.0213439464569 1.41144585609 1.41421356237 [[ 0.02118156]] [[-0.00147496]] [[-0.99884834]] 3.12016677856 42.0980606079 -1.0 -0.0104233278285 -0.0852741290714 -0.347191756392 1.41137099266
 
1.43768787384 1.43660092354 1.41421356237 [[ 0.02118156]] [[-0.00147496]] [[-0.99884834]] 3.12016677856 42.0980606079 -1.0 -0.0104233278285 -0.0852741290714 -0.347191756392 1.43653917313
 
1.43768787384 1.4626159668 1.41421356237 [[ 0.01637671]] [[-0.02349175]] [[-1.02161596]] 3.21650600433 42.0667724609 -1.0 -0.0121612637968 -0.0651389710566 -0.346759524119 1.4625749588
 
1.43768787384 1.48895978928 1.41421356237 [[ 0.01637671]] [[-0.02349175]] [[-1.02161596]] 3.21650600433 42.0667724609 -1.0 -0.0121612637968 -0.0651389710566 -0.346759524119 1.48890209198
 
1.43768787384 1.51590394974 1.41421356237 [[ 0.00867791]] [[ 0.00233339]] [[-1.02854951]] 3.21650600433 42.0667724609 -1.0 -0.0121612637968 -0.0651389710566 -0.346759524119 1.51584815979
 
1.43768787384 1.54249286652 1.41421356237 [[-0.01632101]] [[ 0.01097255]] [[-1.02840074]] 3.21650600433 42.0667724609 -1.0 -0.012517299471 -0.0394268425983 -0.346476875367 1.54243707657
 
1.43768787384 1.56784296036 1.41421356237 [[-0.01632101]] [[ 0.01097255]] [[-1.02840074]] 3.21650600433 42.0667724609 -1.0 -0.012517299471 -0.0394268425983 -0.346476875367 1.56777095795
 
1.43768787384 1.59606289864 1.41421356237 [[-0.01632101]] [[ 0.01097255]] [[-1.02840074]] 3.21650600433 42.0667724609 -1.0 -0.012517299471 -0.0394268425983 -0.346476875367 1.59599113464
 
1.43768787384 1.62359380722 1.41421356237 [[-0.0369434]] [[ 0.04303991]] [[-1.04384752]] 3.21650600433 42.0667724609 -1.0 -0.012517299471 -0.0394268425983 -0.346476875367 1.62350916862
 
1.43768787384 1.65109181404 1.41421356237 [[-0.06842805]] [[ 0.05848849]] [[-1.04150448]] 3.31399273872 42.0329666138 -1.0 -0.00886878125502 -0.00598465690371 -0.346958240877 1.65101504326
 
1.43768787384 1.67746782303 1.41421356237 [[-0.06842805]] [[ 0.05848849]] [[-1.04150448]] 3.31399273872 42.0329666138 -1.0 -0.00886878125502 -0.00598465690371 -0.346958240877 1.67741799355
 
1.43768787384 1.70365977287 1.41421356237 [[-0.06842805]] [[ 0.05848849]] [[-1.04150448]] 3.31399273872 42.0329666138 -1.0 -0.00886878125502 -0.00598465690371 -0.346958240877 1.70359802246
 
1.43768787384 1.73039889336 1.41421356237 [[-0.03605898]] [[ 0.02746669]] [[-1.06159125]] 3.31399273872 42.0329666138 -1.0 -0.0108403891013 0.00994192485175 -0.347269061636 1.73034906387
 
1.43768787384 1.7561249733 1.41421356237 [[-0.03605898]] [[ 0.02746669]] [[-1.06159125]] 3.31399273872 42.0329666138 -1.0 -0.0108403891013 0.00994192485175 -0.347269061636 1.7560710907
 
1.43768787384 1.78246092796 1.41421356237 [[-0.03605898]] [[ 0.02746669]] [[-1.06159125]] 3.31399273872 42.0329666138 -1.0 -0.0108403891013 0.00994192485175 -0.347269061636 1.78241896629
 
1.43768787384 1.80790781975 1.41421356237 [[-0.03605898]] [[ 0.02746669]] [[-1.06159125]] 3.31399273872 42.0329666138 -1.0 -0.0108403891013 0.00994192485175 -0.347269061636 1.80784797668
 
1.43768787384 1.83391785622 1.41421356237 [[-0.0637522]] [[ 0.01804188]] [[-1.02012101]] 3.39641928673 42.0026054382 -1.0 -0.0125035331911 0.0277908753872 -0.347614199262 1.83386015892
 
1.43768787384 1.85993385315 1.41421356237 [[-0.0637522]] [[ 0.01804188]] [[-1.02012101]] 3.39641928673 42.0026054382 -1.0 -0.0125035331911 0.0277908753872 -0.347614199262 1.85988306999
 
1.43768787384 1.88738584518 1.41421356237 [[-0.0637522]] [[ 0.01804188]] [[-1.02012101]] 3.39641928673 42.0026054382 -1.0 -0.0125035331911 0.0277908753872 -0.347614199262 1.88732099533
 
1.43768787384 1.91426491737 1.41421356237 [[-0.07522606]] [[ 0.03798572]] [[-1.04955931]] 3.39641928673 42.0026054382 -1.0 -0.0107655110345 0.0509495160973 -0.347324129096 1.91424107552
 
1.43768787384 1.9402358532 1.41421356237 [[-0.07522606]] [[ 0.03798572]] [[-1.04955931]] 3.39641928673 42.0026054382 -1.0 -0.0107655110345 0.0509495160973 -0.347324129096 1.94019508362
 
1.43768787384 1.96533298492 1.41421356237 [[-0.07522606]] [[ 0.03798572]] [[-1.04955931]] 3.39641928673 42.0026054382 -1.0 -0.0107655110345 0.0509495160973 -0.347324129096 1.96529006958
 
1.43768787384 1.9912238121 1.41421356237 [[-0.07522606]] [[ 0.03798572]] [[-1.04955931]] 3.39641928673 42.0026054382 -1.0 -0.0107655110345 0.0509495160973 -0.347324129096 1.99116706848
 
1.43768787384 2.0163269043 1.41421356237 [[-0.06406726]] [[ 0.03052379]] [[-1.07577214]] 3.46428346634 41.981967926 -1.0 -0.0118419466043 0.0684015217218 -0.347941648575 2.01627206802
 
1.43768787384 2.0416328907 1.41421356237 [[-0.06406726]] [[ 0.03052379]] [[-1.07577214]] 3.46428346634 41.981967926 -1.0 -0.0118419466043 0.0684015217218 -0.347941648575 2.04158401489
 
1.43768787384 2.06835579872 1.41421356237 [[-0.06406726]] [[ 0.03052379]] [[-1.07577214]] 3.46428346634 41.981967926 -1.0 -0.0118419466043 0.0684015217218 -0.347941648575 2.06832408905
 
1.43768787384 2.09265398979 1.41421356237 [[-0.06406726]] [[ 0.03052379]] [[-1.07577214]] 3.46428346634 41.981967926 -1.0 -0.0118419466043 0.0684015217218 -0.347941648575 2.09255814552
 
1.43768787384 2.11734199524 1.41421356237 [[-0.06406726]] [[ 0.03052379]] [[-1.07577214]] 3.46428346634 41.981967926 -1.0 -0.0118419466043 0.0684015217218 -0.347941648575 2.11726117134
 
1.43768787384 2.14184784889 1.41421356237 [[-0.08933102]] [[-0.01517341]] [[-1.00550333]] 3.46428346634 41.981967926 -1.0 -0.0122794272981 0.0894476951867 -0.348658516907 2.14181518555
 
1.43768787384 2.16733384132 1.41421356237 [[-0.08933102]] [[-0.01517341]] [[-1.00550333]] 3.46428346634 41.981967926 -1.0 -0.0122794272981 0.0894476951867 -0.348658516907 2.16728210449
 
1.43768787384 2.19286799431 1.41421356237 [[-0.08933102]] [[-0.01517341]] [[-1.00550333]] 3.46428346634 41.981967926 -1.0 -0.0122794272981 0.0894476951867 -0.348658516907 2.19280314445
 
1.43768787384 2.21922683716 1.41421356237 [[-0.08933102]] [[-0.01517341]] [[-1.00550333]] 3.46428346634 41.981967926 -1.0 -0.0122794272981 0.0894476951867 -0.348658516907 2.21917700768
 
1.43768787384 2.24625897408 1.41421356237 [[-0.12295174]] [[ 0.03095644]] [[-1.0260553]] 3.49293732643 41.972618103 -1.0 -0.0106962304479 0.105656482796 -0.348290487329 2.24620604515
 
1.43768787384 2.27273082733 1.41421356237 [[-0.12295174]] [[ 0.03095644]] [[-1.0260553]] 3.49293732643 41.972618103 -1.0 -0.0106962304479 0.105656482796 -0.348290487329 2.27262306213
 
1.43768787384 2.29827094078 1.41421356237 [[-0.12295174]] [[ 0.03095644]] [[-1.0260553]] 3.49293732643 41.972618103 -1.0 -0.0106962304479 0.105656482796 -0.348290487329 2.29822015762
 
1.43768787384 2.3249938488 1.41421356237 [[-0.10295128]] [[ 0.03526546]] [[-1.05552549]] 3.49293732643 41.972618103 -1.0 -0.0106962304479 0.105656482796 -0.348290487329 2.32493710518
 
1.43768787384 2.35243988037 1.41421356237 [[-0.11310641]] [[ 0.04009236]] [[-1.05431316]] 3.49293732643 41.972618103 -1.0 -0.00967376030376 0.116266395514 -0.348176050049 2.35238909721
 
1.43768787384 2.37838792801 1.41421356237 [[-0.11310641]] [[ 0.04009236]] [[-1.05431316]] 3.49293732643 41.972618103 -1.0 -0.00967376030376 0.116266395514 -0.348176050049 2.37831401825
 
1.43768787384 2.40376496315 1.41421356237 [[-0.11310641]] [[ 0.04009236]] [[-1.05431316]] 3.49293732643 41.972618103 -1.0 -0.00967376030376 0.116266395514 -0.348176050049 2.40371108055
 
1.43768787384 2.42996382713 1.41421356237 [[-0.11310641]] [[ 0.04009236]] [[-1.05431316]] 3.49293732643 41.972618103 -1.0 -0.00967376030376 0.116266395514 -0.348176050049 2.42991399765
 
1.43768787384 2.45901679993 1.41421356237 [[-0.11812713]] [[ 0.03535404]] [[-1.07422113]] 3.48101520538 41.9784240723 -1.0 -0.00923370981459 0.12120504908 -0.347948041085 2.458974123
 
1.43768787384 2.48387289047 1.41421356237 [[-0.11488179]] [[ 0.05298966]] [[-1.03054338]] 3.48101520538 41.9784240723 -1.0 -0.00926922966955 0.116659529932 -0.347352924489 2.48384308815
 
1.43768787384 2.51011586189 1.41421356237 [[-0.11488179]] [[ 0.05298966]] [[-1.03054338]] 3.48101520538 41.9784240723 -1.0 -0.00926922966955 0.116659529932 -0.347352924489 2.51005601883
 
1.43768787384 2.53496694565 1.41421356237 [[-0.11488179]] [[ 0.05298966]] [[-1.03054338]] 3.48101520538 41.9784240723 -1.0 -0.00926922966955 0.116659529932 -0.347352924489 2.5349240303
 
1.43768787384 2.56188488007 1.41421356237 [[-0.11488179]] [[ 0.05298966]] [[-1.03054338]] 3.48101520538 41.9784240723 -1.0 -0.00926922966955 0.116659529932 -0.347352924489 2.56181812286
 
1.43768787384 2.58819794655 1.41421356237 [[-0.09244369]] [[ 0.03243584]] [[-1.03366902]] 3.43007302284 41.9976654053 -1.0 -0.0118821139069 0.100248121279 -0.346888806239 2.58813118935
 
1.43768787384 2.61513280869 1.41421356237 [[-0.09244369]] [[ 0.03243584]] [[-1.03366902]] 3.43007302284 41.9976654053 -1.0 -0.0118821139069 0.100248121279 -0.346888806239 2.61505508423
 
1.43768787384 2.64393281937 1.41421356237 [[-0.09244369]] [[ 0.03243584]] [[-1.03366902]] 3.43007302284 41.9976654053 -1.0 -0.0118821139069 0.100248121279 -0.346888806239 2.64386796951
 
1.43768787384 2.67106580734 1.41421356237 [[-0.09244369]] [[ 0.03243584]] [[-1.03366902]] 3.43007302284 41.9976654053 -1.0 -0.0118821139069 0.100248121279 -0.346888806239 2.67100000381
 
1.43768787384 2.70112085342 1.41421356237 [[-0.09244369]] [[ 0.03243584]] [[-1.03366902]] 3.43007302284 41.9976654053 -1.0 -0.0118821139069 0.100248121279 -0.346888806239 2.70104312897
 
1.43768787384 2.72723984718 1.41421356237 [[-0.05216682]] [[ 0.03044808]] [[-1.03707326]] 3.43007302284 41.9976654053 -1.0 -0.00917832000339 0.077268707597 -0.346363834136 2.7271490097
 
1.43768787384 2.75474286079 1.41421356237 [[-0.05216682]] [[ 0.03044808]] [[-1.03707326]] 3.43007302284 41.9976654053 -1.0 -0.00917832000339 0.077268707597 -0.346363834136 2.75470018387
 
1.43768787384 2.78111886978 1.41421356237 [[-0.05216682]] [[ 0.03044808]] [[-1.03707326]] 3.43007302284 41.9976654053 -1.0 -0.00917832000339 0.077268707597 -0.346363834136 2.78104710579
 
1.43768787384 2.80882978439 1.41421356237 [[-0.02496659]] [[ 0.00697333]] [[-1.04405829]] 3.35082435608 42.0262832642 -1.0 -0.0080296868184 0.052160279172 -0.346228106196 2.80877518654
 
1.43768787384 2.83477497101 1.41421356237 [[-0.02496659]] [[ 0.00697333]] [[-1.04405829]] 3.35082435608 42.0262832642 -1.0 -0.0080296868184 0.052160279172 -0.346228106196 2.83462095261
 
1.43768787384 2.86304879189 1.41421356237 [[-0.02496659]] [[ 0.00697333]] [[-1.04405829]] 3.35082435608 42.0262832642 -1.0 -0.0080296868184 0.052160279172 -0.346228106196 2.86299514771
 
1.43768787384 8.90598297119 1.41421356237 [[ 0.00844028]] [[ 0.01033459]] [[-1.02671503]] 0.0193645041436 0.00532592646778 -0.0 0.00569834381322 -0.0173622605327 -0.373743182104 8.9059381485
 
1.43768787384 14.9361598492 1.41421356237 [[ 0.00844028]] [[ 0.01033459]] [[-1.02671503]] 0.0193645041436 0.00532592646778 -0.0 0.00569834381322 -0.0173622605327 -0.373743182104 14.936150074
 
